1090521100815001   samastar

1090521122533001   jatana

1090521124108001    utara fowarding

1090521125305001    pink

1090521160746001 

1090521164058001 
1090521164834001

1090521170716001

1090521172751001
1090521173626001

1090521174230001
1090521174818001

1090525095416001

1090525140453001

1090525101639001

1090525102925001

1090525103141001

1090525105657001

1090525111156001

1090525112406001

1090525114744001

1090525115803001

1090525120121001

1090525121248001

1090525121747001
1090525122424001

1090525124407001


1090525124652001

1090525125013001

1090525130536001

1090525131915001

1090525133421001
1090525143258001
1090525143734001



*****sampai papar cetakan pada 21/5/2009



http://192.168.112.4/w-iccs/(S(mh0hyz55umvggqic2jkrsa45))/import/eSKPI_KIBFG.aspx?barcode=1090525133421001&invois_id=0141679&SalinanMs=undefined&cajPBI=3.0000&cajPK=1.0000&cajKdrEkor0.0000&cajKdrQty=0.0000&cetak=0&pname=